0	26	-1.66667	
2.6	25.7567	-1.36222	
4.91567	26.2155	-1.02887	
7.04565	27.2931	-0.64498	
9.0704	28.9328	-0.189714	
11.0566	31.0991	0.35923	
13.0609	33.7739	1.02746	
15.1322	36.9534	1.84557	
17.3143	40.6448	2.85082	
19.6474	44.8647	4.089	
22.1691	49.6368	5.61661	
24.9159	54.9897	7.50333	
27.9232	60.9546	9.83505	
31.2264	67.5627	12.7173	
34.86	74.8407	16.2795	
38.8581	82.8067	20.6792	
43.2529	91.4626	26.1075	
48.0739	100.785	32.7941	
53.345	110.712	41.0127	
59.0817	121.127	51.0844	
65.2862	131.836	63.3798	
71.9412	142.538	78.3157	
79.0009	152.79	96.3445	
86.3798	161.959	117.93	
93.9377	169.178	143.508	
101.462	173.29	173.41	
108.644	172.806	207.767	
115.061	165.886	246.348	
120.143	150.372	288.365	
123.166	123.913	332.225	
123.241	84.2289	375.281	
119.339	29.5632	413.628	
110.362	-40.6638	442.086	
95.2593	-125.042	454.512	
73.2291	-219.382	444.611	
43.968	-316.267	407.328	
7.94448	-405.397	340.642	
-33.3897	-475.066	247.279	
-77.5573	-514.766	135.496	
-121.278	-518.238	18.1827	
-160.974	-485.719	-89.9132	
-193.449	-424.18	-175.989	
-216.522	-345.222	-232.438	
-229.392	-261.541	-258.126	
-232.607	-183.616	-257.364	
-227.708	-117.883	-237.465	
-216.725	-66.6603	-206.206	
-201.719	-29.2251	-170.119	
-184.469	-3.20062	-133.825	
-166.342	14.2984	-100.12	
-148.278	25.9609	-70.4155	
-130.854	33.9601	-45.2211	
-114.373	39.8838	-24.5414	
-98.9473	44.7899	-8.1382	
-84.5736	49.3068	4.31672	
-71.1856	53.7383	13.1685	
-58.6932	58.1542	18.7536	
-47.0084	62.4667	21.3996	
-36.0609	66.4909	21.4356	
-25.8058	69.9954	19.2037	
-16.2256	72.7435	15.0664	
-7.32872	74.5257	9.40681	
0.85673	75.1849	2.622	
8.28955	74.6324	-4.88943	
14.9238	72.8553	-12.744	
20.717	69.915	-20.5909	
25.6368	65.9374	-28.1275	
29.6668	61.0985	-35.1111	
32.81	55.6057	-41.3652	
35.0896	49.6787	-46.779	
36.5485	43.532	-51.3029	
37.2469	37.3611	-54.939	
37.2583	31.3322	-57.7297	
36.6657	25.577	-59.7457	
35.5568	20.191	-61.0745	
34.0202	15.2355	-61.8105	
32.1418	10.741	-62.0477	
30.0017	6.71238	-61.8738	
27.6727	3.13445	-61.3674	
25.2189	-0.0227661	-60.5958	
22.6947	-2.79923	-59.615	
20.1454	-5.24084	-58.47	
17.6067	-7.39619	-57.196	
15.1064	-9.31407	-55.8194	
12.6644	-11.0417	-54.3593	
10.2938	-12.6235	-52.8288	
8.00206	-14.1004	-51.236	
5.79181	-15.5095	-49.5848	
3.66169	-16.8838	-47.8758	
1.60714	-18.2527	-46.1067	
-0.378846	-19.6415	-44.2729	
-2.30511	-21.0724	-42.3673	
-4.18184	-22.5639	-40.381	
-6.02005	-24.132	-38.3028	
-7.83124	-25.7896	-36.1194	
-9.62708	-27.5467	-33.8155	
-11.419	-29.4108	-31.3731	
-13.2182	-31.3866	-28.772	
-15.0351	-33.4754	-25.9891	
-16.8791	-35.6751	-22.9985	
-18.7587	-37.9797	-19.7715	
-20.6808	-40.3782	-16.2761	
-22.6505	-42.854	-12.4775	
-24.6709	-45.3833	-8.3381	
-26.7421	-47.9343	-3.81787	
-28.8613	-50.4652	1.12479	
-31.0217	-52.9223	6.53202	
-33.2118	-55.2382	12.4447	
-35.4144	-57.3297	18.9004	
-37.6059	-59.0958	25.9297	
-39.7549	-60.4157	33.5526	
-41.821	-61.148	41.7726	
-43.7537	-61.13	50.5707	
-45.4913	-60.1796	59.8969	
-46.9602	-58.098	69.6619	
-48.0739	-54.6771	79.727	
-48.7343	-49.7091	89.8946	
-48.8317	-43.0015	99.9002	
-48.2487	-34.3972	109.407	
-46.8636	-23.7987	118.005	
-44.5571	-11.1968	125.22	
-41.221	3.29973	130.532	
-36.769	19.437	133.406	
-31.1484	36.7965	133.335	
-24.3539	54.7906	129.895	
-16.4394	72.6779	122.811	
-7.52771	89.6049	112.012	
2.18556	104.673	97.6777	
12.4343	117.027	80.2609	
22.8935	125.949	60.4705	
33.1991	130.952	39.218	
42.9744	131.845	17.5288	
51.8614	128.752	-3.5665	
59.5505	122.099	-23.1429	
65.8053	112.546	-40.4712	
70.4794	100.899	-55.0744	
73.5214	88.0066	-66.7415	
74.9699	74.6715	-75.5036	
74.9401	61.5804	-81.5829	
73.6041	49.2655	-85.3279	
71.1702	38.0928	-87.1499	
67.8625	28.2734	-87.4691	
63.9036	19.8879	-86.676	
59.502	12.9169	-85.1082	
54.8435	7.27211	-83.0404	
50.0864	2.82276	-80.6845	
45.36	-0.582611	-78.1954	
40.7657	-3.10056	-75.6804	
36.3791	-4.88207	-73.2092	
32.253	-6.06611	-70.8231	
28.4211	-6.77619	-68.5434	
24.9014	-7.11921	-66.3777	
21.6993	-7.18562	-64.3249	
18.8108	-7.05044	-62.3791	
16.2247	-6.7748	-60.5316	
13.9247	-6.40764	-58.7733	
11.8915	-5.9874	-57.0948	
10.1036	-5.54371	-55.4876	
8.53888	-5.09886	-53.9445	
7.1751	-4.66917	-52.4588	
5.99067	-4.26618	-51.0252	
4.96499	-3.89763	-49.6392	
4.07873	-3.56835	-48.2971	
3.31402	-3.28094	-46.9958	
2.65452	-3.03641	-45.7328	
2.08543	-2.8346	-44.5059	
1.59343	-2.67461	-43.3135	
1.16662	-2.55505	-42.1538	
0.794456	-2.47435	-41.0256	
0.467575	-2.43086	-39.9277	
0.177732	-2.42305	-38.8589	
-0.0823461	-2.44957	-37.8184	
-0.319068	-2.50935	-36.805	
-0.538096	-2.60163	-35.8179	
-0.744449	-2.72603	-34.8562	
-0.942607	-2.88253	-33.9189	
-1.1366	-3.07154	-33.0053	
-1.33009	-3.29386	-32.1143	
-1.52647	-3.55075	-31.2451	
-1.7289	-3.84392	-30.3967	
-1.9404	-4.1755	-29.5681	
-2.16391	-4.54815	-28.7582	
-2.40233	-4.96499	-27.9658	
-2.6586	-5.4297	-27.1898	
-2.93571	-5.94649	-26.4287	
-3.23679	-6.52018	-25.6809	
-3.56513	-7.15622	-24.9448	
-3.92424	-7.86076	-24.2184	
-4.31789	-8.64068	-23.4994	
-4.75017	-9.50367	-22.7851	
-5.22552	-10.4583	-22.0724	
-5.74879	-11.514	-21.3578	
-6.32532	-12.6815	-20.637	
-6.96094	-13.9723	-19.9048	
-7.66207	-15.3993	-19.1552	
-8.4358	-16.9768	-18.3809	
-9.2899	-18.7202	-17.573	
-10.2329	-20.6467	-16.7212	
-11.2743	-22.7748	-15.8126	
-12.4244	-25.1248	-14.8319	
-13.6944	-27.7184	-13.7604	
-15.0968	-30.579	-12.5757	
-16.645	-33.7315	-11.2504	
-18.3537	-37.2018	-9.75169	
-20.2385	-41.0168	-8.03954	
-22.3163	-45.2035	-6.06572	
-24.605	-49.7883	-3.77205	
-27.1234	-54.7952	-1.08844	
-29.8905	-60.2446	2.0692	
-32.926	-66.15	5.80145	
-36.2484	-72.5147	10.2279	
-39.875	-79.3269	15.49	
-43.8202	-86.5529	21.7532	
-48.0935	-94.1287	29.2094	
-52.697	-101.949	38.0776	
-57.6222	-109.852	48.6028	
-62.8451	-117.602	61.0512	
-68.3208	-124.872	75.7013	
-73.976	-131.213	92.8257	
-79.6997	-136.032	112.663	
-85.333	-138.568	135.377	
-90.6564	-137.869	160.989	
-95.3776	-132.795	189.301	
-99.1193	-122.04	219.786	
-101.411	-104.204	251.465	
-101.691	-77.9329	282.781	
-99.3149	-42.1377	311.503	
-93.5972	3.68538	334.706	
-83.8689	59.0666	348.892	
-69.5754	122.162	350.327	
-50.4017	189.461	335.629	
-26.4154	255.779	302.579	
1.80403	314.693	251.012	
33.093	359.515	183.488	
65.7352	384.665	105.418	
97.6281	387.081	24.3777	
126.573	367.143	-51.336	
150.63	328.67	-114.495	
168.434	277.926	-160.444	
179.384	222.017	-187.765	
183.647	167.296	-197.975	
182.012	118.327	-194.521	
175.643	77.567	-181.591	
165.836	45.6558	-163.145	
153.818	21.9838	-142.364	
140.634	5.28272	-121.487	
127.099	-5.92026	-101.892	
113.797	-13.0207	-84.2951	
101.115	-17.2016	-68.9624	
89.2837	-19.3948	-55.8823	
78.4159	-20.2965	-44.8953	
68.5446	-20.4045	-35.7769	
59.6497	-20.0618	-28.2872	
51.6786	-19.4948	-22.1971	
44.5612	-18.846	-17.3009	
38.2205	-18.1988	-13.4191	
32.5786	-17.5961	-10.3983	
27.5611	-17.054	-8.10813	
23.0996	-16.5714	-6.43756	
19.1325	-16.1367	-5.29173	
15.6056	-15.7332	-4.58877	
12.4717	-15.3418	-4.25732	
9.69035	-14.9436	-4.2345	
7.22696	-14.5212	-4.46443	
5.05214	-14.0599	-4.89703	
3.14094	-13.5478	-5.48732	
1.47206	-12.9764	-6.19477	
0.0272137	-12.3403	-6.98295	
-1.20954	-11.6371	-7.81925	
-2.2523	-10.8674	-8.67469	
-3.1138	-10.0337	-9.52375	
-3.80579	-9.14094	-10.3442	
-4.33931	-8.19533	-11.117	
-4.72491	-7.20429	-11.8261	
-4.97285	-6.17595	-12.4581	
-5.09316	-5.11887	-13.0022	
-5.09573	-4.04168	-13.45	
-4.99033	-2.95289	-13.7952	
-4.78658	-1.86066	-14.033	
-4.49399	-0.772698	-14.1607	
-4.12186	0.303806	-14.1765	
-3.67929	1.36224	-14.08	
-3.17514	2.39656	-13.8717	
-2.61797	3.40122	-13.5527	
-2.01605	4.37115	-13.1249	
-1.37733	5.30162	-12.5909	
-0.709435	6.1882	-11.9534	
-0.0196717	7.02661	-11.2157	
0.684957	7.81266	-10.3814	
1.39773	8.54212	-9.45448	
2.11217	9.21069	-8.4393	
2.82202	9.81384	-7.34061	
3.5212	10.3469	-6.16366	
4.20377	10.8048	-4.91423	
4.86387	11.1823	-3.59875	
5.49571	11.474	-2.22438	
6.09354	11.674	-0.799082	
6.65159	11.7766	0.668215	
7.16409	11.7759	2.16757	
7.62527	11.6661	3.6879	
8.02935	11.4417	5.21697	
8.37059	11.0979	6.74126	
8.64332	10.6303	8.24602	
8.84203	10.0358	9.71526	
8.96141	9.31251	11.1318	
8.99652	8.46	12.4776	
8.94287	7.47992	13.7334	
8.79657	6.37602	14.8799	
8.55452	5.15455	15.8971	
8.21452	3.82441	16.7655	
7.77551	2.39735	17.466	
7.23769	0.888027	17.981	
6.60273	-0.686021	18.2945	
5.87385	-2.30452	18.3928	
5.05601	-3.94475	18.2654	
4.15594	-5.58192	17.9053	
3.18215	-7.18974	17.3094	
2.14496	-8.74106	16.4791	
1.05636	-10.2086	15.4206	
-0.0701397	-11.5659	14.1447	
-1.21972	-12.788	12.6669	
-2.37654	-13.8522	11.0073	
-3.5241	-14.7391	9.18971	
-4.6456	-15.4332	7.24143	
-5.72436	-15.923	5.19225	
-6.74422	-16.202	3.07366	
-7.69	-16.268	0.917914	
-8.5478	-16.124	-1.24289	
-9.30542	-15.7769	-3.37768	
-9.95257	-15.2378	-5.4572	
-10.4811	-14.5211	-7.45465	
-10.8851	-13.6438	-9.34624	
-11.161	-12.6248	-11.1115	
-11.3073	-11.4844	-12.7334	
-11.3251	-10.243	-14.1984	
-11.2169	-8.92109	-15.4966	
-10.9873	-7.53818	-16.6208	
-10.6424	-6.11271	-17.5672	
-10.1894	-4.66153	-18.334	
-9.63661	-3.19973	-18.9218	
-8.99293	-1.74055	-19.3327	
-8.26769	-0.295347	-19.57	
-7.47045	1.12629	-19.6383	
-6.61078	2.51643	-19.5424	
-5.69806	3.86857	-19.2878	
-4.7414	5.17741	-18.8799	
-3.74952	6.43862	-18.324	
-2.7307	7.64855	-17.6257	
-1.69278	8.80397	-16.79	
-0.643103	9.90182	-15.8217	
0.41139	10.939	-14.7257	
1.46415	11.9121	-13.5065	
2.50894	12.8172	-12.1685	
3.53977	13.6499	-10.7164	
4.55078	14.4048	-9.15487	
5.53618	15.0758	-7.4891	
6.49014	15.6557	-5.7248	
7.4067	16.1366	-3.86847	
8.27969	16.5093	-1.92763	
9.10266	16.764	0.0889335	
9.8688	16.89	2.17089	
10.5709	16.8761	4.30613	
11.2014	16.7106	6.4805	
11.7523	16.3819	8.6776	
12.2153	15.879	10.8785	
12.5817	15.1912	13.0618	
12.8426	14.3098	15.2032	
12.9893	13.2276	17.2759	
13.0132	11.9405	19.2505	
12.9059	10.4473	21.0955	
12.66	8.75118	22.7774	
12.2692	6.85991	24.2617	
11.7282	4.78655	25.5136	
11.0341	2.54992	26.4988	
10.1856	0.174869	27.1849	
9.18457	-2.30773	27.5425	
8.03534	-4.86118	27.5469	
6.74569	-7.44361	27.179	
5.32676	-10.0088	26.4268	
3.7932	-12.5077	25.2869	
2.16311	-14.8894	23.7647	
0.457861	-17.1038	21.8752	
-1.2983	-19.1028	19.6433	
-3.07875	-20.8426	17.1029	
-4.85514	-22.2857	14.2965	
-6.5982	-23.4021	11.2732	
-8.27859	-24.1711	8.08776	
-9.86784	-24.5814	4.7979	
-11.3392	-24.6321	1.46247	
-12.6685	-24.3319	-1.86072	
-13.8348	-23.6987	-5.11697	
-14.8212	-22.7578	-8.25636	
-15.6149	-21.5412	-11.2351	
-16.2075	-20.0848	-14.0164	
-16.5952	-18.4277	-16.571	
-16.7785	-16.6096	-18.8772	
-16.7616	-14.6695	-20.9205	
-16.5524	-12.6443	-22.6931	
-16.1616	-10.5678	-24.1927	
-15.6022	-8.46998	-25.4219	
-14.889	-6.37643	-26.3871	
-14.0377	-4.30821	-27.0973	
-13.0648	-2.28203	-27.5635	
-11.9865	-0.310393	-27.7976	
-10.8189	1.59788	-27.8119	
-9.57721	3.4372	-27.6184	
-8.27577	5.20464	-27.2287	
-6.92773	6.89933	-26.6532	
-5.54502	8.5219	-25.9012	
-4.13833	10.0739	-24.9808	
-2.7171	11.5574	-23.899	
-1.28966	12.9742	-22.6613	
0.136729	14.3259	-21.2723	
1.55565	15.6131	-19.7354	
2.96139	16.8354	-18.0532	
4.34879	17.9906	-16.2277	
5.71298	19.0753	-14.2604	
7.04921	20.0838	-12.1527	
8.35267	21.0084	-9.90607	
9.61824	21.8393	-7.5226	
10.8404	22.5644	-5.00511	
12.0128	23.169	-2.35778	
13.1284	23.6363	0.413429	
14.1792	23.9473	3.30026	
15.156	24.0808	6.2916	
16.0485	24.0141	9.37282	
16.845	23.7229	12.5253	
17.5328	23.1826	15.7256	
18.0978	22.3684	18.9451	
18.5249	21.2568	22.1496	
18.798	19.8266	25.2986	
18.9009	18.0601	28.3456	
18.8168	15.945	31.2381	
18.5296	13.4758	33.9181	
18.0243	10.6558	36.323	
17.2874	7.49843	38.3871	
16.3085	4.0291	40.0435	
15.0806	0.286176	41.2266	
13.6011	-3.67832	41.875	
11.8732	-7.79878	41.9347	
9.90599	-11.9969	41.3628	
7.7157	-16.1836	40.1308	
5.32577	-20.2617	38.2274	
2.76703	-24.1299	35.6614	
0.0773352	-27.6871	32.4628	
-2.69911	-30.8377	28.6831	
-5.51297	-33.4963	24.3943	
-8.31131	-35.5928	19.6861	
-11.0395	-37.0761	14.6621	
-13.6431	-37.917	9.43518	
-16.0705	-38.1098	4.12178	
-18.2744	-37.6715	-1.16369	
-20.2142	-36.6404	-6.31408	
-21.8568	-35.0726	-11.234	
-23.1784	-33.0383	-15.8434	
-24.1644	-30.6168	-20.0791	
-24.8096	-27.8916	-23.8961	
-25.1178	-24.946	-27.267	
-25.1006	-21.8591	-30.1801	
-24.7765	-18.7028	-32.6375	
-24.1691	-15.5395	-34.6524	
-23.3061	-12.4209	-36.2462	
-22.2176	-9.38743	-37.4459	
-20.9346	-6.46897	-38.2817	
-19.488	-3.68518	-38.7847	
-17.9078	-1.04692	-38.9857	
-16.2217	1.44245	-38.9134	
-14.4553	3.78561	-38.5943	
-12.6312	5.98985	-38.0513	
-10.7691	8.06576	-37.3043	
-8.88559	10.0261	-36.3697	
-6.99442	11.8845	-35.2604	
-5.10653	13.655	-33.9862	
-3.23038	15.3511	-32.5542	
-1.37223	16.9849	-30.9684	
0.463481	18.5671	-29.2307	
2.27384	20.1063	-27.3408	
4.05709	21.6085	-25.2962	
5.81223	23.0774	-23.0932	
7.53875	24.5133	-20.7264	
9.2362	25.9134	-18.1895	
10.9039	27.2714	-15.4753	
12.5407	28.5773	-12.5763	
14.1443	29.8167	-9.48516	
15.7116	30.9713	-6.19499	
17.2375	32.0177	-2.7002	
18.7156	32.9281	1.00279	
20.1368	33.6694	4.9146	
21.4901	34.2035	9.03187	
22.7614	34.4875	13.3459	
23.934	34.4738	17.8415	
24.988	34.111	22.4951	
25.9003	33.3448	27.2732	
26.6447	32.1193	32.131	
27.1922	30.3796	37.0106	
27.5109	28.0741	41.8398	
27.5673	25.1581	46.5311	
27.3263	21.5975	50.9817	
26.7535	17.3737	55.0743	
25.8155	12.4881	58.6793	
24.4827	6.96718	61.6582	
22.7312	0.866819	63.8686	
20.5448	-5.72441	65.1715	
17.9178	-12.6835	65.4399	
14.8577	-19.8538	64.5675	
11.3865	-27.0485	62.4798	
7.54304	-34.0575	59.1424	
3.38298	-40.6576	54.5698	
-1.02107	-46.6248	48.8291	
-5.58145	-51.7498	42.0418	
-10.1983	-55.852	34.3793	
-14.7637	-58.7936	26.055	
-19.1667	-60.4903	17.3114	
-23.299	-60.9172	8.40425	
-27.0608	-60.1099	-0.413493	
-30.3657	-58.1597	-8.90832	
-33.1451	-55.2047	-16.8794	
-35.3511	-51.417	-24.1683	
-36.9577	-46.9878	-30.6639	
-37.9607	-42.1135	-36.3026	
-38.376	-36.9826	-41.0649	
-38.2366	-31.7652	-44.9686	
-37.5895	-26.6065	-48.0606	
-36.4912	-21.6224	-50.408	
-35.0043	-16.8989	-52.0897	
-33.1938	-12.4936	-53.189	
-31.1238	-8.43837	-53.7884	
-28.8552	-4.7438	-53.9651	
-26.4441	-1.4031	-53.7883	
-23.94	1.60346	-53.3182	
-21.3856	4.30475	-52.6054	
-18.8166	6.73543	-51.6911	
-16.2614	8.93321	-50.6079	
-13.7419	10.9367	-49.3808	
-11.2741	12.7838	-48.0282	
-8.86828	14.5107	-46.5625	
-6.53038	16.1506	-44.9917	
-4.26229	17.734	-43.3192	
-2.06265	19.2879	-41.5452	
0.0724007	20.8357	-39.6667	
2.14873	22.3975	-37.6781	
4.17361	23.9897	-35.5711	
6.15521	25.6254	-33.3352	
8.10223	27.3141	-30.9576	
10.0234	29.0618	-28.4233	
11.9273	30.8708	-25.7152	
13.8216	32.7393	-22.814	
15.7134	34.6614	-19.6984	
17.6082	36.626	-16.3451	
19.51	38.6168	-12.7293	
21.4206	40.6111	-8.82478	
23.3397	42.5793	-4.60461	
25.2636	44.4832	-0.0419994	
27.1856	46.2758	4.88866	
29.0946	47.8995	10.2102	
30.9751	49.2851	15.9408	
32.8061	50.3512	22.0911	
34.5606	51.0034	28.6615	
36.2049	51.1343	35.638	
37.6978	50.6243	42.9876	
38.9905	49.3437	50.6537	
40.0258	47.156	58.5499	
40.7388	43.9239	66.5554	
41.0573	39.5163	74.5094	
40.9032	33.8196	82.2078	
40.1949	26.7499	89.4021	
38.8504	18.2688	95.8016	
36.7922	8.3997	101.081	
33.953	-2.75585	104.893	
30.2821	-15.0041	106.891	
25.7535	-28.0505	106.753	
20.3731	-41.4998	104.213	
14.1858	-54.8671	99.1017	
7.28049	-67.6027	91.3717	
-0.207827	-79.1293	81.127	
-8.09998	-88.8912	68.633	
-16.1791	-96.4065	54.311	
-24.2018	-101.319	38.7117	
-31.9135	-103.436	22.4709	
-39.0657	-102.751	6.25239	
-45.4343	-99.4435	-9.3129	
-50.8352	-93.8495	-23.6825	
-55.1367	-86.4241	-36.4435	
-58.2654	-77.6869	-47.3341	
-60.2075	-68.1687	-56.2444	
-61.0037	-58.3644	-63.2	
-60.7397	-48.6992	-68.3328	
-59.5357	-39.5084	-71.8472	
-57.533	-31.0315	-73.9862	
-54.8828	-23.4169	-75.0032	
-51.7362	-16.7344	-75.1396	
-48.236	-10.9906	-74.6115	
-44.5115	-6.14537	-73.6023	
-40.6749	-2.12728	-72.2606	
-36.8201	1.15371	-70.702	
-33.0227	3.79611	-69.0127	
-29.3409	5.89946	-67.255	
-25.8168	7.55937	-65.4714	
-22.4792	8.86426	-63.6897	
-19.3449	9.89373	-61.9265	
-16.421	10.7179	-60.1908	
-13.7071	11.3973	-58.486	
-11.1967	11.984	-56.812	
-8.8786	12.5215	-55.1664	
-6.73859	13.0465	-53.5453	
-4.76008	13.5896	-51.944	
-2.92511	14.176	-50.3571	
-1.215	14.8268	-48.7787	
0.389178	15.5599	-47.2027	
1.90625	16.3901	-45.6222	
3.35463	17.3307	-44.0299	
4.75224	18.3931	-42.4177	
6.11632	19.5878	-40.7763	
7.46348	20.9248	-39.0955	
8.80961	22.4135	-37.3634	
10.17	24.0631	-35.5665	
11.5593	25.8825	-33.6889	
12.9916	27.8808	-31.7126	
14.4805	30.0663	-29.6165	
16.0391	32.4473	-27.3762	
17.6799	35.0307	-24.9635	
19.415	37.8223	-22.3457	
21.2557	40.8255	-19.4852	
23.2127	44.0407	-16.3387	
25.2955	47.4638	-12.8567	
27.5123	51.0848	-8.98292	
29.8696	54.8855	-4.6537	
32.3712	58.8372	0.202015	
35.0178	62.8975	5.66276	
37.8057	67.0068	11.8139	
40.7259	71.0836	18.7461	
43.7616	75.0194	26.5532	
46.8874	78.6734	35.3276	
50.066	81.8659	45.1546	
53.246	84.3731	56.1035	
56.3587	85.9211	68.2155	
59.3149	86.1831	81.4878	
62.0018	84.78	95.8538	
64.2796	81.2857	111.158	
65.9802	75.2424	127.129	
66.9064	66.1868	143.352	
66.8345	53.691	159.24	
65.5201	37.4203	174.02	
62.7101	17.2081	186.735	
58.1599	-6.85804	196.27	
51.6581	-34.3475	201.424	
43.0576	-64.4144	201.022	
32.3104	-95.7645	194.07	
19.5029	-126.689	179.945	
4.88372	-155.183	158.575	
-11.123	-179.162	130.577	
-27.9269	-196.738	97.298	
-44.808	-206.526	60.7206	
-60.9798	-207.887	23.2325	
-75.6706	-201.054	-12.7048	
-88.2089	-187.092	-44.913	
-98.0972	-167.696	-71.7906	
-105.057	-144.891	-92.4747	
-109.04	-120.707	-106.845	
-110.207	-96.9125	-115.396	
-108.878	-74.8512	-119.03	
-105.475	-55.3892	-118.836	
-100.466	-38.9536	-115.908	
-94.3151	-25.6219	-111.22	
-87.4458	-15.2287	-105.557	
-80.2241	-7.46554	-99.5067	
-72.9482	-1.95889	-93.472	
-65.8493	1.67452	-87.7034	
-59.0969	3.79411	-82.336	
-52.8078	4.71794	-77.4234	
-47.0552	4.71619	-72.9657	
-41.8781	4.0115	-68.9307	
-37.2891	2.78286	-65.2692	
-33.2819	1.17116	-61.9255	
-29.8366	-0.714967	-58.8429	
-26.9245	-2.79353	-55.9683	
-24.5114	-5.00422	-53.2528	
-22.5606	-7.30405	-50.6529	
-21.035	-9.66375	-48.1301	
-19.8979	-12.0647	-45.6499	
-19.1145	-14.4964	-43.1813	
-18.6527	-16.9543	-40.6956	
-18.4829	-19.4381	-38.1657	
-18.5784	-21.95	-35.5654	
-18.9156	-24.4936	-32.8683	
-19.4734	-27.0728	-30.0473	
-20.2333	-29.6904	-27.0745	
-21.179	-32.3471	-23.9199	
-22.2958	-35.0405	-20.5519	
-23.5703	-37.764	-16.9366	
-24.9897	-40.5055	-13.0378	
-26.5412	-43.2459	-8.8174	
-28.2117	-45.958	-4.23537	
-29.9863	-48.6044	0.749197	
-31.8481	-51.136	6.17715	
-33.7769	-53.4899	12.0876	
-35.7482	-55.5878	18.5155	
-37.7322	-57.3335	25.4887	
-39.6923	-58.6124	33.0238	
-41.5843	-59.2894	41.121	
-43.3548	-59.2099	49.7578	
-44.9403	-58.2009	58.8813	
-46.2664	-56.0747	68.4002	
-47.2472	-52.6359	78.1757	
-47.7861	-47.691	88.0127	
-47.7766	-41.0633	97.6525	
-47.1053	-32.6114	106.768	
-45.6559	-22.2531	114.967	
-43.3156	-9.99118	121.795	
-39.9832	4.05865	126.761	
-35.579	19.6434	129.361	
-30.0567	36.3559	129.121	
-23.4155	53.6321	125.654	
-15.7107	70.767	118.708	
-7.06295	86.9544	108.228	
2.33879	101.35	94.395	
12.2399	113.153	77.6407	
22.3312	121.693	58.6356	
32.2674	126.518	38.2365	
41.6925	127.445	17.4055	
50.2677	124.59	-2.89007	
57.7	118.345	-21.7794	
63.7645	109.323	-38.5712	
68.3203	98.2745	-52.8064	
71.3157	85.9942	-64.2724	
72.7836	73.2386	-72.9827	
72.8291	60.6601	-79.1311	
71.6122	48.7703	-83.0334	
69.328	37.927	-85.0688	
66.1879	28.343	-85.6293	
62.4034	20.1071	-85.0833	
58.1738	13.2122	-83.7528	
53.6776	7.5833	-81.9024	
49.0682	3.10265	-79.7387	
44.4716	-0.369554	-77.4153	
39.9875	-2.98009	-75.0399	
35.6908	-4.87218	-72.6845	
31.6345	-6.1789	-70.3931	
27.8531	-7.01955	-68.19	
24.3659	-7.49815	-66.0858	
21.1795	-7.70343	-64.0819	
18.2912	-7.70952	-62.1747	
15.6911	-7.57739	-60.3575	
13.3643	-7.35628	-58.6224	
11.2922	-7.08536	-56.9615	
9.45444	-6.79525	-55.3672	
7.82947	-6.50949	-53.8327	
6.39558	-6.24579	-52.3521	
5.13144	-6.01726	-50.9203	
4.01657	-5.83331	-49.533	
3.03158	-5.70058	-48.1865	
2.15837	-5.62359	-46.8778	
1.38017	-5.60538	-45.6042	
0.681615	-5.64797	-44.3634	
0.0486573	-5.75277	-43.1534	
-0.531486	-5.92092	-41.972	
-1.07043	-6.15352	-40.8176	
-1.57874	-6.45184	-39.6882	
-2.06605	-6.81751	-38.582	
-2.5412	-7.25261	-37.497	
-3.01234	-7.75981	-36.4311	
-3.48708	-8.34247	-35.3821	
-3.97262	-9.00465	-34.3473	
-4.47582	-9.75124	-33.3239	
-5.00337	-10.588	-32.3086	
-5.56183	-11.5216	-31.2976	
-6.15781	-12.5597	-30.2867	
-6.798	-13.7111	-29.2707	
-7.48931	-14.9853	-28.2437	
-8.23891	-16.3935	-27.1988	
-9.05437	-17.9476	-26.1276	
-9.94369	-19.661	-25.0205	
-10.9154	-21.5482	-23.8658	
-11.9787	-23.6252	-22.6498	
-13.1433	-25.9088	-21.3559	
-14.4199	-28.4174	-19.9646	
-15.8196	-31.1702	-18.4523	
-17.3547	-34.1872	-16.7911	
-19.0379	-37.4888	-14.9474	
-20.883	-41.0954	-12.8814	
-22.9043	-45.0266	-10.5454	
-25.1165	-49.2999	-7.88284	
-27.5348	-53.9295	-4.82644	
-30.1743	-58.9242	-1.29685	
-33.0493	-64.2847	2.79932	
-36.1728	-70	7.57121	
-39.5556	-76.0427	13.1453	
-43.2043	-82.3627	19.6669	
-47.1201	-88.88	27.2999	
-51.2961	-95.4743	36.2268	
-55.7139	-101.974	46.6447	
-60.3399	-108.14	58.7595	
-65.1199	-113.653	72.7741	
-69.9732	-118.093	88.8706	
-74.7852	-120.925	107.183	
-79.3992	-121.482	127.759	
-83.6075	-118.964	150.508	
-87.1431	-112.446	175.134	
-89.6734	-100.917	201.057	
-90.7977	-83.346	227.329	
-90.0526	-58.8136	252.559	
-86.9287	-26.6852	274.87	
-80.9043	13.1521	291.926	
-71.4987	60.0227	301.067	
-58.3465	112.217	299.591	
-41.2902	166.847	285.192	
-20.4765	219.916	256.523	
3.56276	266.687	213.755	
29.8752	302.367	158.969	
57.1244	323.027	96.1644	
83.7147	326.493	30.7795	
107.993	312.925	-31.2564	
128.486	284.83	-84.6666	
144.12	246.465	-125.811	
154.355	202.848	-153.189	
159.204	158.717	-167.35	
159.155	117.769	-170.339	
155.017	82.3273	-164.952	
147.748	53.4048	-154.063	
138.313	31.0037	-140.164	
127.582	14.4915	-125.163	
116.273	2.93165	-110.359	
104.939	-4.67917	-96.5339	
93.9773	-9.27065	-84.0775	
83.6525	-11.6337	-73.1151	
74.1239	-12.4041	-63.6088	
65.4711	-12.0729	-55.4315	
57.7167	-11.0085	-48.4169	
50.8442	-9.48128	-42.3898	
44.8116	-7.68613	-37.1835	
39.5619	-5.76157	-32.6482	
35.0295	-3.80483	-28.6543	
31.1461	-1.88335	-25.0925	
27.8431	-0.0433808	-21.8722	
25.0545	1.68375	-18.9196	
22.7174	3.27706	-16.1753	
20.7734	4.72262	-13.5922	
19.1683	6.01124	-11.1335	
17.8526	7.1368	-8.77103	
16.781	8.09513	-6.48386	
15.9124	8.88321	-4.25734	
15.2095	9.49869	-2.08212	
14.6384	9.93957	0.0465199	
14.1685	10.2041	2.1292	
13.7721	10.2909	4.1629	
13.424	10.1989	6.14128	
13.1015	9.92753	8.05499	
12.7841	9.47722	9.89199	
12.4534	8.84956	11.6378	
12.093	8.04766	13.2759	
11.6885	7.07661	14.7881	
11.2273	5.94379	16.1547	
10.6989	4.65923	17.3555	
10.095	3.23594	18.37	
9.40907	1.69009	19.1782	
8.63717	0.0411137	19.7613	
7.77756	-1.68828	20.1024	
6.83098	-3.47232	20.1876	
5.80065	-5.28249	20.0061	
4.69234	-7.08809	19.5518	
3.51429	-8.85685	18.8231	
2.27718	-10.5558	17.8239	
0.993876	-12.1524	16.5636	
-0.320749	-13.6151	15.0573	
-1.65018	-14.9148	13.3256	
-2.97664	-16.0259	11.3943	
-4.28156	-16.9267	9.29334	
-5.54608	-17.6008	7.0565	
-6.75156	-18.0372	4.72001	
-7.88012	-18.2305	2.32157	
-8.91515	-18.1812	-0.100853	
-9.84176	-17.8956	-2.51011	
-10.6471	-17.3847	-4.87092	
-11.3209	-16.6643	-7.15078	
-11.8552	-15.7533	-9.32066	
-12.2451	-14.6738	-11.3555	
-12.4879	-13.4492	-13.2344	
-12.5841	-12.1039	-14.941	
-12.536	-10.662	-16.4628	
-12.3486	-9.14707	-17.7916	
-12.0285	-7.581	-18.9225	
-11.5837	-5.98392	-19.8538	
-11.0237	-4.37373	-20.5863	
-10.3587	-2.76597	-21.1228	
-9.59947	-1.17383	-21.4679	
-8.75691	0.391788	-21.627	
-7.84204	1.92213	-21.6064	
-6.86562	3.41028	-21.4127	
-5.83803	4.85094	-21.0524	
-4.76913	6.24007	-20.532	
-3.66821	7.57457	-19.8578	
-2.54393	8.85198	-19.0356	
-1.40434	10.0701	-18.0706	
-0.256898	11.2268	-16.9679	
0.891475	12.3197	-15.732	
2.0343	13.3458	-14.3671	
3.16544	14.3014	-12.8774	
4.27904	15.182	-11.267	
5.36933	15.982	-9.54014	
6.4306	16.6946	-7.70143	
7.45701	17.3118	-5.75614	
8.44248	17.8242	-3.7104	
9.38066	18.2214	-1.57154	
10.2647	18.4916	0.651682	
11.0874	18.6221	2.94867	
11.8409	18.5994	5.30673	
12.5167	18.4092	7.7107	
13.106	18.0375	10.1427	
13.5991	17.4702	12.5818	
13.9862	16.6943	15.0039	
14.257	15.6983	17.3815	
14.4012	14.4731	19.6838	
14.4084	13.0126	21.8768	
14.2688	11.3148	23.9235	
13.9734	9.38257	25.7849	
13.5143	7.22449	27.4202	
12.8853	4.8557	28.7878	
12.0824	2.29844	29.8473	
11.104	-0.417605	30.5601	
9.95182	-3.25525	30.8916	
8.63111	-6.17014	30.8124	
7.15098	-9.11151	30.3008	
5.52474	-12.0234	29.3438	
3.76992	-14.8464	27.9388	
1.90828	-17.5196	26.0946	
-0.0345028	-19.9829	23.8318	
-2.02934	-22.1796	21.183	
-4.04437	-24.0592	18.1919	
-6.04585	-25.5791	14.9119	
-7.99918	-26.7072	11.4047	
-9.86998	-27.4228	7.73735	
-11.6253	-27.7178	3.97972	
-13.2345	-27.5965	0.201918	
-14.6707	-27.0751	-3.52856	
-15.9112	-26.1804	-7.14924	
-16.9381	-24.9477	-10.6046	
-17.739	-23.4193	-13.8476	
-18.3071	-21.6414	-16.8404	
-18.6405	-19.6622	-19.5547	
-18.7427	-17.5297	-21.9713	
-18.6214	-15.2897	-24.0798	
-18.2882	-12.9845	-25.877	
-17.7578	-10.6514	-27.366	
-17.0472	-8.32252	-28.5551	
-16.1747	-6.02406	-29.4557	
-15.1597	-3.77669	-30.0821	
-14.0214	-1.59564	-30.4497	
-12.7788	0.508706	-30.5741	
-11.45	2.5302	-30.4709	
-10.052	4.46621	-30.1546	
-8.60019	6.31688	-29.6386	
-7.10849	8.08442	-28.9347	
-5.5892	9.77239	-28.0529	
-4.05304	11.3851	-27.0017	
-2.50922	12.927	-25.7879	
-0.965604	14.4021	-24.4166	
0.571168	15.8138	-22.8916	
2.09543	17.1641	-21.2152	
3.6023	18.4536	-19.3889	
5.08744	19.6811	-17.4131	
6.5468	20.843	-15.2879	
7.97641	21.9336	-13.0128	
9.37214	22.9449	-10.5876	
10.7294	23.8657	-8.01233	
12.043	24.6824	-5.28799	
13.307	25.3784	-2.41692	
14.5141	25.9341	0.596622	
15.6561	26.3272	3.74586	
16.7232	26.5327	7.02079	
17.7042	26.5232	10.4074	
18.5861	26.2695	13.8871	
19.3544	25.741	17.4355	
19.9931	24.907	21.022	
20.4845	23.7374	24.6092	
20.8098	22.2044	28.1521	
20.9492	20.2839	31.5977	
20.8827	17.9579	34.8854	
20.5902	15.2161	37.9473	
20.0528	12.0586	40.7091	
19.2534	8.49789	43.092	
18.1778	4.56105	45.0147	
16.8162	0.291373	46.3967	
15.1637	-4.25062	47.1618	
13.2223	-8.98699	47.2426	
11.0013	-13.8234	46.5849	
8.51885	-18.6514	45.1521	
5.80182	-23.352	42.9296	
2.88644	-27.8006	39.9277	
-0.18227	-31.8729	36.1841	
-3.35133	-35.4516	31.7633	
-6.56136	-38.4331	26.7561	
-9.74853	-40.7337	21.2752	
-12.8471	-42.2951	15.4502	
-15.7919	-43.0871	9.42112	
-18.5214	-43.1097	3.33103	
-20.9802	-42.392	-2.68163	
-23.1214	-40.9893	-8.48966	
-24.9082	-38.9785	-13.9827	
-26.3152	-36.4523	-19.0713	
-27.3289	-33.5126	-23.6886	
-27.9473	-30.2643	-27.7912	
